Grafo 1:
1 93 364
1 108 427
1 131 234
1 64 140
1 40 293
1 29 403
1 66 547
1 179 16
1 124 393
1 255 275
1 51 266
1 70 207
1 46 284
1 231 24
1 425 106
1 146 542
1 81 295
1 158 433
1 170 45
1 294 551
1 154 147
1 216 24
1 430 232
1 97 256
1 165 238
1 8 27
2 584 56
2 439 137
2 261 176
2 227 277
2 420 557
2 178 196
2 63 248
2 465 345
2 401 163
2 260 502
2 25 131
2 369 486
2 520 370
2 278 199
2 27 62
2 395 146
2 537 327
2 142 142
2 571 112
2 460 487
2 266 576
2 519 533
2 354 132
2 175 126
2 253 294
2 173 222
3 574 485
3 254 382
3 183 486
3 35 287
3 486 299
3 106 125
3 266 505
3 538 205
3 114 253
3 364 51
3 548 516
3 256 380
3 58 499
3 87 68
3 367 150
3 150 507
3 133 584
3 327 332
3 68 582
3 208 252
3 522 60
3 198 466
3 203 315
3 458 69
3 147 265
3 69 105
3 65 315
3 398 274
3 239 572
3 303 19
3 287 555
3 26 136
3 67 189
3 115 268
3 321 73
3 373 458
4 450 11
4 168 438
4 238 86
4 20 522
4 509 19
4 291 127
4 209 366
4 246 97
4 111 165
4 19 254
4 200 70
4 26 555
4 249 362
4 288 86
4 66 527
4 130 334
4 229 50
4 462 119
4 507 456
4 377 143
4 53 404
4 294 302
4 92 60
4 199 176
4 255 116
4 70 26
4 563 369
4 533 406
4 181 457
4 259 25
4 29 378
5 218 232
5 209 435
5 473 32
5 289 321
5 499 300
5 11 58
5 350 583
5 128 361
5 392 525
5 248 389
5 500 352
5 73 9
5 178 298
5 267 254
5 357 284
5 340 196
5 474 174
5 495 377
5 44 62
5 214 366
5 275 208
5 195 270
5 315 128
5 572 16
5 118 312
5 90 317
5 407 210
5 56 45
5 12 362
5 241 282
5 184 60
6 112 158
6 261 216
6 9 100
6 200 24
6 133 381
6 239 174
6 247 142
6 468 8
6 83 50
6 197 21
6 36 134
6 243 146
6 499 433
6 39 470
6 489 245
6 185 239
6 21 55
6 61 404
6 187 271
6 278 393
6 528 514
6 127 513
6 254 76
6 46 66
6 308 82
6 231 31
6 515 84
6 262 222
6 319 149
6 270 380
6 276 14
6 411 97
6 349 297
6 97 81
6 432 402
7 136 56
7 70 409
7 174 212
7 141 331
7 320 311
7 78 175
7 468 31
7 55 456
7 145 326
7 173 25
7 215 148
7 131 267
7 139 492
7 263 305
7 419 502
7 178 102
7 67 275
7 202 454
7 185 520
7 288 111
7 80 215
7 128 85
7 323 439
7 119 112
7 521 481
7 545 349
7 227 464
7 299 21
7 51 517
7 82 8
7 120 398
7 371 255
7 528 139
7 79 278
8 46 109
8 248 396
8 529 261
8 201 163
8 154 96
8 105 99
8 473 44
8 421 352
8 195 492
8 418 581
8 365 408
8 263 477
8 305 248
8 147 270
8 118 516
8 54 414
8 128 311
8 379 468
8 188 206
8 229 198
8 265 254
8 183 479
8 155 515
8 275 296
8 266 488
8 261 500
8 106 94
8 457 35
8 300 346
8 499 251
8 228 106
8 148 396
8 178 247
8 583 5
8 531 294
8 1 27
9 205 136
9 6 100
9 565 360
9 203 55
9 81 314
9 535 496
9 250 394
9 488 503
9 18 118
9 303 49
9 24 15
9 127 146
9 518 272
9 568 72
9 199 529
9 274 30
9 95 139
9 345 271
9 264 340
9 421 113
9 30 421
9 233 326
9 78 180
9 510 219
9 361 329
9 112 283
9 326 424
9 76 205
10 499 233
10 27 453
10 93 496
10 371 480
10 288 274
10 77 95
10 326 233
10 566 279
10 33 286
10 223 479
10 183 503
10 232 300
10 337 248
10 197 549
10 55 176
10 577 418
10 72 175
10 195 249
11 433 58
11 37 542
11 103 291
11 5 58
11 202 499
11 118 394
11 15 161
11 356 461
11 36 421
11 539 383
11 455 145
11 425 389
11 313 199
11 157 266
11 155 410
11 242 350
11 187 423
11 537 364
11 223 98
11 70 17
11 282 191
11 520 276
11 260 411
11 199 553
11 484 281
11 315 332
12 336 93
12 188 469
12 196 365
12 501 536
12 195 427
12 578 57
12 282 405
12 361 547
12 103 50
12 472 255
12 502 330
12 484 491
12 554 423
12 400 287
12 462 504
12 110 52
12 118 40
12 138 459
12 548 274
12 370 398
12 335 436
12 537 499
12 480 226
12 234 310
12 258 486
12 57 65
12 261 25
12 55 473
12 48 119
12 359 37
12 5 362
12 183 295
12 539 192
12 288 395
12 80 476
12 398 245
12 573 461
13 324 427
13 391 108
13 155 174
13 24 141
13 194 560
13 507 520
13 539 138
13 469 243
13 78 244
13 420 28
13 430 22
13 233 227
13 50 307
13 372 346
13 286 136
13 260 401
13 184 345
13 540 320
13 158 305
13 341 315
13 288 413
13 113 583
13 226 447
13 353 277
13 215 438
13 150 543
13 465 258
13 229 481
13 450 397
13 583 526
13 457 506
13 208 326
13 106 245
13 165 128
13 273 300
13 544 110
13 492 511
14 289 418
14 64 297
14 178 583
14 195 364
14 267 231
14 566 67
14 275 530
14 319 578
14 373 156
14 232 374
14 189 107
14 73 133
14 371 255
14 436 13
14 394 68
14 354 306
14 393 123
14 351 497
14 300 381
14 547 471
14 249 457
14 372 226
15 18 330
15 48 523
15 40 497
15 197 79
15 128 118
15 531 421
15 21 141
15 117 66
15 136 553
15 418 565
15 451 451
15 11 161
15 323 212
15 170 367
15 504 177
15 394 70
15 108 579
15 27 47
15 345 398
15 201 141
15 500 225
15 408 504
15 124 540
15 87 459
15 485 481
15 63 134
15 39 346
15 89 487
15 289 578
15 491 293
15 125 131
15 120 75
15 64 396
15 359 493
16 85 331
16 442 170
16 272 415
16 281 336
16 109 483
16 220 416
16 480 352
16 235 413
16 573 121
16 71 391
16 257 174
16 226 508
16 134 375
16 84 253
16 291 486
16 466 409
16 78 207
16 463 168
16 135 301
16 574 352
17 213 268
17 345 507
17 453 39
17 29 25
17 35 531
17 60 279
17 143 511
17 41 38
17 298 67
17 418 111
17 127 8
17 347 96
17 434 122
17 31 383
17 125 95
17 96 112
17 99 99
17 110 233
17 195 57
17 52 579
17 87 247
17 177 378
17 229 83
17 410 575
17 579 300
18 129 284
18 192 493
18 15 330
18 419 357
18 219 336
18 177 366
18 433 6
18 179 12
18 251 555
18 169 537
18 9 118
18 542 60
18 19 201
18 223 181
18 125 250
18 55 277
18 402 55
18 450 415
18 79 274
18 324 196
18 281 351
18 240 413
18 74 217
18 114 104
18 481 511
18 69 111
18 232 517
18 25 446
18 379 30
18 200 266
18 502 264
18 527 123
18 578 267
18 365 15
19 282 337
19 108 62
19 180 366
19 225 153
19 284 484
19 68 236
19 4 254
19 114 537
19 383 411
19 18 201
19 174 335
19 208 210
19 112 8
19 304 10
19 371 73
19 111 111
19 123 534
19 35 174
19 317 372
19 517 154
19 386 260
19 148 211
19 273 391
19 420 280
19 580 438
19 358 146
19 82 68
19 189 444
19 426 63
20 278 222
20 4 522
20 256 30
20 287 453
20 102 108
20 414 46
20 88 514
20 101 10
20 578 41
20 61 190
20 399 169
20 555 108
20 127 420
20 44 191
20 435 438
20 93 484
21 425 396
21 0 474
21 115 533
21 132 174
21 15 141
21 321 568
21 108 427
21 295 493
21 353 453
21 574 139
21 169 352
21 27 239
21 424 195
21 201 298
21 273 320
21 6 55
21 149 465
21 340 246
21 176 374
21 514 126
21 28 304
21 404 414
21 153 183
21 141 324
21 392 369
21 158 519
21 85 332
21 475 187
21 437 82
21 258 230
21 415 142
21 78 412
21 409 18
21 324 219
21 532 390
21 56 444
22 166 406
22 151 533
22 103 232
22 399 458
22 454 203
22 148 441
22 545 138
22 230 462
22 497 48
22 157 481
22 50 176
22 180 93
22 465 43
22 314 232
22 162 157
22 305 463
22 496 503
22 244 399
22 268 298
22 142 260
22 156 331
22 154 96
22 519 65
22 574 568
22 277 364
22 568 389
22 144 583
23 107 351
23 160 410
23 220 436
23 77 144
23 527 206
23 116 567
23 208 289
23 244 338
23 161 346
23 491 190
23 254 298
23 140 307
23 227 467
23 36 458
23 102 139
23 120 352
23 133 29
23 232 190
23 69 245
23 426 461
23 231 60
23 440 36
23 159 399
23 360 124
23 454 63
23 0 97
23 157 418
23 421 409
23 234 332
23 230 218
23 505 201
23 350 444
23 501 174
23 388 364
23 413 303
24 221 183
24 525 237
24 270 24
24 13 141
24 271 21
24 335 427
24 9 15
24 143 177
24 159 52
24 239 81
24 533 43
24 446 290
24 197 425
24 225 359
24 473 172
24 228 390
24 331 272
24 222 199
24 96 378
24 373 459
24 565 22
24 527 355
24 130 398
24 141 483
24 211 57
24 247 405
24 339 205
24 193 158
24 291 169
24 93 494
24 455 378
25 208 422
25 280 500
25 233 128
25 422 559
25 47 422
25 274 391
25 158 4
25 546 214
25 2 131
25 167 23
25 391 538
25 159 382
25 500 243
25 115 148
25 345 156
25 146 463
25 164 463
25 28 75
25 203 547
25 31 233
25 194 400
25 244 25
25 60 344
25 334 245
25 18 446
25 407 531
25 258 140
25 503 100
26 202 556
26 311 115
26 350 529
26 369 429
26 546 66
26 60 165
26 100 16
26 228 251
26 212 103
26 4 555
26 54 575
26 189 299
26 128 442
26 396 538
26 261 183
26 180 252
26 458 489
26 104 536
26 167 59
26 241 390
26 3 136
26 234 418
26 270 529
26 210 532
27 245 305
27 10 453
27 49 166
27 223 263
27 135 491
27 340 492
27 277 38
27 313 578
27 21 239
27 236 499
27 15 47
27 499 490
27 261 150
27 338 285
27 2 62
27 123 130
27 399 9
27 148 181
27 149 191
27 240 122
27 195 122
27 74 555
27 158 391
27 502 540
27 412 156
27 232 2
27 219 83
27 77 534
27 92 423
27 204 75
27 524 35
27 253 572
27 479 446
27 272 193
27 173 84
28 282 66
28 195 584
28 215 308
28 36 570
28 530 164
28 318 578
28 203 61
28 514 187
28 153 255
28 232 579
28 159 351
28 21 304
28 343 285
28 575 251
28 310 584
28 459 71
28 416 120
28 186 557
28 121 558
28 180 291
28 574 80
28 144 187
28 25 75
28 111 313
28 289 411
28 230 513
28 217 305
28 259 495
28 122 24
29 457 134
29 156 21
29 163 467
29 48 101
29 318 459
29 148 402
29 486 3
29 63 213
29 149 422
29 529 451
29 17 25
29 109 572
29 393 112
29 317 39
29 1 403
29 106 176
29 44 341
29 182 394
29 363 446
29 115 488
29 309 146
29 112 334
29 220 275
29 494 281
29 489 182
29 155 373
29 314 327
29 536 298
29 4 378
29 97 494
30 252 313
30 31 240
30 441 23
30 451 348
30 364 62
30 216 505
30 546 443
30 354 376
30 91 579
30 119 239
30 482 89
30 446 14
30 577 39
30 240 243
30 530 100
30 115 452
30 177 65
30 9 421
30 463 187
30 268 118
30 286 420
30 178 285
30 170 189
30 165 177
30 282 178
30 40 40
30 527 376
31 54 416
31 30 240
31 138 265
31 564 350
31 99 412
31 173 251
31 464 294
31 38 485
31 206 354
31 47 447
31 326 143
31 540 158
31 17 383
31 288 299
31 105 537
31 143 580
31 137 178
31 230 136
31 135 472
31 25 233
31 44 468
31 340 432
31 66 39
31 234 59
31 274 447
32 501 211
32 243 252
32 349 54
32 122 213
32 325 92
32 148 179
32 168 484
32 258 568
32 332 108
32 324 165
32 210 240
32 114 64
32 516 399
32 376 299
32 141 177
32 160 528
32 530 178
32 221 555
32 355 221
32 181 17
32 277 279
32 176 185
32 478 555
32 113 325
32 189 351
32 41 172
32 51 365
32 233 49
32 119 574
33 575 503
33 206 107
33 576 372
33 255 156
33 245 123
33 185 398
33 562 521
33 166 100
33 195 482
33 10 286
33 429 266
33 294 145
33 46 389
33 525 108
33 465 482
33 501 42
33 482 107
33 85 180
33 441 128
33 207 499
33 470 93
33 250 383
33 347 351
33 200 413
33 514 210
33 282 88
34 117 41
34 348 177
34 35 363
34 269 172
34 323 38
34 93 90
34 563 6
34 139 376
34 400 529
34 244 248
34 543 103
34 435 457
34 62 50
34 313 131
34 190 229
34 551 43
34 97 189
34 386 473
34 564 536
34 389 224
34 195 253
34 507 104
34 243 388
34 238 288
34 505 539
34 346 70
34 121 57
34 186 521
34 265 28
34 78 501
34 371 439
35 34 363
35 147 496
35 155 96
35 142 367
35 3 287
35 215 194
35 540 70
35 543 461
35 17 531
35 96 504
35 392 385
35 453 40
35 300 212
35 202 140
35 52 49
35 580 330
35 106 57
35 559 160
35 305 494
35 275 567
35 19 174
35 190 376
35 121 433
35 509 413
35 185 572
35 223 161
35 225 435
35 217 357
35 159 357
35 265 116
36 390 148
36 412 241
36 192 407
36 134 344
36 6 134
36 375 312
36 28 570
36 459 460
36 23 458
36 11 421
36 169 130
36 431 57
36 49 492
36 257 418
36 458 401
36 176 527
36 184 294
36 247 252
36 568 96
36 155 401
36 274 574
36 105 173
36 90 123
36 126 538
36 275 81
36 283 258
36 548 482
37 497 353
37 229 350
37 237 550
37 298 85
37 11 542
37 233 226
37 246 56
37 330 190
37 409 575
37 514 42
37 487 59
37 186 423
37 76 234
37 513 444
37 79 394
37 579 96
37 251 99
37 296 369
37 49 120
37 192 465
37 241 544
37 446 203
37 551 111
37 112 574
37 529 216
38 158 287
38 44 114
38 338 338
38 69 101
38 221 471
38 508 101
38 208 210
38 196 448
38 156 559
38 130 125
38 367 496
38 238 289
38 523 468
38 98 75
38 166 68
38 397 361
38 31 485
38 282 154
38 114 494
38 562 283
38 472 186
38 418 253
38 364 39
38 350 84
38 316 83
38 256 547
38 455 105
38 258 91
38 461 94
38 73 499
39 198 223
39 170 205
39 294 69
39 291 313
39 402 550
39 6 470
39 43 315
39 264 295
39 119 98
39 209 446
39 293 353
39 159 299
39 469 556
39 65 17
39 193 373
39 207 503
39 59 568
39 290 317
39 15 346
39 79 54
39 149 254
39 218 358
39 383 138
39 179 265
39 154 138
39 208 218
39 450 559
40 143 18
40 313 389
40 15 497
40 338 331
40 241 262
40 277 356
40 294 274
40 1 293
40 542 186
40 90 182
40 232 456
40 220 301
40 544 341
40 346 286
40 373 50
40 161 192
40 169 552
40 229 236
40 213 445
40 439 126
40 260 511
40 465 391
40 319 228
40 426 444
40 49 423
40 369 413
40 251 376
40 165 366
40 521 178
40 121 253
40 492 28
40 282 333
40 55 297
40 30 40
40 96 378
40 41 481
40 418 202
41 579 238
41 166 100
41 356 393
41 194 526
41 557 544
41 249 327
41 361 299
41 120 540
41 17 38
41 72 160
41 397 132
41 319 543
41 119 9
41 265 404
41 155 456
41 480 462
41 244 239
41 528 487
41 32 172
41 252 508
41 275 177
41 40 481
42 191 466
42 158 22
42 552 135
42 540 253
42 213 372
42 128 364
42 492 203
42 255 451
42 347 95
42 175 415
42 196 253
42 366 250
42 249 369
42 368 102
42 244 283
42 528 443
42 469 260
42 155 35
42 236 457
42 572 103
42 577 256
42 428 469
42 238 130
42 181 567
42 231 482
42 67 188
42 90 240
42 398 265
42 141 577
42 163 343
42 413 214
42 145 392
42 152 31
43 477 409
43 504 211
43 75 539
43 97 558
43 531 362
43 39 315
43 84 418
43 401 210
43 248 555
43 215 393
43 444 478
43 125 355
43 388 135
43 492 233
43 49 537
43 259 395
43 573 367
43 571 71
43 511 520
43 127 47
43 549 16
43 198 316
43 100 257
43 268 132
43 467 64
43 292 33
43 171 157
43 141 36
43 355 297
44 38 114
44 64 366
44 457 291
44 241 107
44 493 387
44 209 201
44 534 360
44 273 386
44 300 42
44 204 130
44 130 455
44 0 229
44 243 85
44 29 341
44 145 137
44 5 62
44 90 496
44 450 569
44 385 218
44 177 231
44 151 471
44 284 204
44 272 406
44 327 519
44 31 468
44 123 75
44 467 297
44 119 66
44 20 191
45 201 291
45 89 20
45 424 540
45 270 503
45 258 277
45 139 342
45 484 187
45 143 541
45 475 273
45 102 91
45 488 474
45 409 283
45 450 155
45 482 393
45 57 92
45 360 518
45 275 164
45 142 517
45 132 134
45 468 90
45 498 186
45 174 420
45 381 185
45 519 410
45 345 496
46 8 109
46 336 53
46 528 271
46 229 410
46 496 564
46 297 340
46 183 541
46 396 512
46 246 416
46 248 66
46 33 389
46 433 0
46 371 478
46 6 66
46 1 284
46 102 281
46 525 28
46 192 544
46 86 478
46 127 24
46 286 567
46 150 388
46 94 49
46 482 256
46 260 91
46 468 116
46 92 459
47 192 129
47 288 499
47 500 8
47 95 313
47 518 450
47 119 238
47 25 422
47 467 111
47 539 388
47 567 386
47 437 12
47 165 137
47 223 572
47 31 447
47 128 382
47 187 230
47 196 451
47 66 333
47 399 40
47 145 291
47 453 196
47 245 137
47 252 133
47 320 272
47 357 312
47 50 157
47 273 496
47 400 24
47 583 118
47 96 210
48 15 523
48 29 101
48 192 557
48 152 166
48 71 498
48 513 263
48 228 294
48 422 566
48 576 223
48 188 480
48 566 72
48 355 531
48 480 148
48 227 16
48 229 349
48 254 471
48 278 282
48 124 61
48 302 190
48 239 253
48 12 119
48 62 407
48 253 516
48 271 283
48 498 33
48 398 322
48 320 402
48 210 543
48 224 208
48 417 470
49 378 381
49 352 205
49 27 166
49 229 381
49 138 440
49 493 219
49 483 271
49 186 386
49 268 416
49 183 449
49 568 382
49 36 492
49 150 191
49 117 573
49 254 347
49 294 347
49 463 296
49 40 423
49 37 120
49 43 537
49 499 373
49 60 102
49 162 111
49 415 369
49 500 443
49 272 198
49 557 301
49 402 269
49 269 360
49 407 293
49 495 279
50 281 387
50 320 558
50 537 569
50 124 384
50 197 537
50 382 350
50 343 313
50 225 350
50 230 489
50 90 33
50 13 307
50 152 96
50 444 428
50 426 453
50 119 444
50 260 518
50 22 176
50 218 74
50 98 360
50 243 297
50 214 443
50 147 447
50 47 157
50 64 248
50 548 3
50 574 264
50 307 27
50 405 392
51 125 521
51 275 542
51 113 563
51 232 39
51 104 57
51 172 539
51 271 274
51 412 312
51 393 40
51 353 424
51 274 540
51 1 266
51 63 50
51 553 209
51 371 471
51 120 574
51 51 269
51 315 357
51 188 314
51 321 301
51 7 517
51 32 365
51 248 388
51 342 552
52 173 79
52 270 209
52 54 482
52 113 210
52 409 510
52 221 16
52 128 138
52 105 392
52 257 539
52 531 491
52 35 49
52 197 408
52 72 233
52 529 324
52 272 201
52 56 554
52 89 385
52 88 146
52 425 115
52 248 127
52 17 579
52 280 192
52 306 448
52 101 441
52 449 253
52 167 116
52 365 200
52 120 270
52 299 282
52 174 203
52 183 312
52 204 569
52 184 253
53 284 314
53 70 157
53 296 356
53 214 416
53 139 129
53 249 166
53 100 240
53 114 344
53 121 476
53 503 242
53 324 377
53 98 273
53 466 247
53 117 12
53 197 248
53 4 404
53 242 503
53 479 526
53 155 487
53 130 318
53 215 405
53 500 454
53 126 104
53 426 122
53 170 9
53 409 379
53 118 272
54 537 179
54 31 416
54 52 482
54 77 432
54 294 508
54 322 443
54 467 32
54 26 575
54 161 550
54 283 474
54 92 241
54 8 414
54 479 308
54 296 354
54 266 301
54 357 490
54 543 420
54 100 428
54 292 115
54 422 562
54 430 201
54 220 324
54 279 112
54 55 332
54 133 480
54 247 352
54 395 368
55 115 241
55 126 238
55 116 470
55 7 456
55 207 176
55 482 128
55 413 120
55 170 51
55 558 143
55 568 60
55 18 277
55 107 54
55 111 237
55 248 405
55 69 244
55 104 124
55 584 527
55 375 180
55 85 116
55 488 476
55 531 310
55 145 457
55 580 244
55 456 461
55 54 332
55 12 473
55 10 176
55 518 276
55 183 275
55 314 135
55 226 329
55 40 297
55 275 166
55 236 317
55 249 339
56 368 133
56 183 165
56 75 446
56 145 108
56 85 336
56 402 118
56 89 533
56 57 173
56 419 59
56 452 18
56 574 223
56 331 232
56 91 440
56 406 252
56 323 350
56 314 24
56 220 309
56 264 66
56 52 554
56 516 167
56 129 102
56 339 10
56 5 45
56 267 450
56 400 227
56 490 309
56 273 524
56 455 387
56 21 444
56 163 328
57 241 335
57 532 553
57 188 576
57 56 173
57 177 515
57 382 332
57 570 90
57 256 343
57 381 1
57 475 347
57 446 452
57 94 411
57 302 291
57 151 4
57 12 65
57 548 562
57 385 292
57 45 92
57 509 413
57 295 370
57 139 247
57 138 175
57 349 508
58 63 61
58 101 282
58 275 405
58 328 339
58 449 189
58 89 8
58 331 145
58 276 542
58 497 17
58 3 499
58 414 133
58 88 179
58 247 441
58 284 268
58 555 241
58 550 231
58 486 438
58 228 553
58 111 184
58 84 417
58 206 191
58 282 14
58 504 63
58 123 147
58 485 395
58 525 385
58 121 198
58 519 415
58 160 83
58 133 207
58 262 556
59 183 477
59 65 415
59 139 145
59 561 209
59 477 470
59 354 157
59 222 290
59 118 241
59 79 228
59 512 399
59 217 471
59 178 28
59 39 568
59 145 67
59 238 159
59 517 262
59 371 301
59 173 453
59 303 217
59 80 481
59 548 165
59 301 326
59 260 515
59 166 432
59 135 60
60 247 322
60 26 165
60 502 5
60 302 131
60 118 348
60 146 67
60 184 209
60 17 279
60 324 10
60 454 484
60 82 377
60 178 385
60 287 49
60 416 568
60 392 325
60 283 436
60 160 400
60 431 480
60 539 282
60 49 102
60 113 227
60 25 344
60 241 542
60 75 323
60 277 38
61 141 339
61 98 90
61 548 404
61 88 57
61 153 380
61 471 346
61 332 498
61 455 464
61 137 15
61 68 235
61 329 228
61 6 404
61 163 317
61 20 190
61 296 17
61 104 374
61 476 45
61 407 361
61 500 487
61 109 538
61 449 9
61 215 71
61 174 57
61 264 228
61 265 559
62 533 398
62 348 404
62 159 504
62 219 437
62 278 279
62 353 16
62 79 399
62 406 465
62 283 238
62 422 476
62 139 359
62 226 103
62 522 142
62 34 50
62 154 2
62 124 346
62 459 327
62 337 577
62 384 159
62 157 567
62 84 217
62 126 148
62 349 80
62 198 155
62 142 480
62 48 407
62 111 361
62 205 549
62 254 582
63 115 106
63 58 61
63 29 213
63 2 248
63 87 477
63 222 508
63 514 274
63 73 182
63 455 541
63 51 50
63 365 45
63 15 134
63 553 556
63 123 95
63 129 119
63 236 246
63 168 417
63 253 18
63 500 533
63 85 88
63 178 186
64 44 366
64 14 297
64 322 383
64 1 140
64 226 125
64 445 44
64 74 570
64 278 387
64 257 321
64 192 309
64 109 90
64 273 248
64 496 569
64 83 155
64 197 20
64 137 207
64 266 218
64 191 417
64 187 307
64 572 498
64 222 213
64 345 360
64 232 556
64 50 248
64 129 434
64 15 396
64 560 321
65 254 458
65 59 415
65 385 506
65 425 540
65 532 430
65 348 354
65 527 539
65 319 372
65 225 421
65 439 526
65 39 17
65 562 522
65 514 33
65 300 93
65 222 237
65 194 419
65 419 318
65 100 538
65 201 53
65 69 180
65 470 13
65 213 210
65 449 569
65 422 198
65 207 487
65 3 315
65 242 579
65 404 528
65 305 168
65 155 346
65 0 288
65 358 247
65 88 314
65 573 378
66 116 184
66 110 497
66 182 29
66 81 523
66 137 459
66 429 309
66 163 84
66 242 240
66 421 328
66 185 561
66 1 547
66 125 257
66 4 527
66 346 395
66 458 574
66 83 267
66 546 428
66 183 93
66 257 477
66 47 333
66 491 410
66 543 288
66 412 15
66 152 370
66 557 555
66 535 30
66 31 39
67 481 116
67 471 356
67 571 125
67 124 201
67 445 126
67 322 538
67 246 316
67 275 9
67 271 69
67 94 229
67 427 419
67 401 371
67 134 12
67 136 351
67 131 403
67 7 275
67 480 562
67 540 462
67 396 425
67 470 160
67 374 10
67 338 361
67 207 142
67 42 188
67 109 19
67 113 565
67 3 189
67 278 507
67 239 335
68 455 541
68 96 333
68 446 19
68 19 236
68 544 31
68 61 235
68 151 574
68 164 293
68 353 282
68 3 582
68 245 287
68 157 409
68 147 520
68 405 36
68 107 139
68 465 3
68 421 171
68 156 510
68 330 473
68 436 541
68 153 551
68 76 314
68 182 241
68 198 140
68 225 255
68 109 401
69 438 146
69 38 101
69 436 130
69 311 191
69 477 390
69 176 42
69 74 155
69 55 244
69 266 384
69 23 245
69 295 415
69 205 325
69 136 499
69 263 481
69 207 55
69 582 239
69 65 180
69 200 358
69 147 264
69 175 132
69 3 105
69 247 403
69 283 179
69 459 550
69 244 343
69 18 111
69 224 304
69 397 118
69 92 353
69 268 87
69 280 16
69 198 68
70 7 409
70 53 157
70 337 118
70 120 389
70 142 81
70 451 342
70 418 215
70 555 211
70 155 385
70 402 544
70 274 168
70 333 357
70 70 37
70 127 116
70 321 64
70 177 53
70 1 207
70 574 194
70 84 156
70 125 18
70 11 17
70 89 431
70 107 381
70 313 483
70 215 520
70 4 26
70 106 28
70 245 346
70 471 561
71 178 94
71 158 259
71 285 290
71 249 334
71 196 158
71 258 518
71 48 498
71 159 33
71 73 320
71 155 27
71 263 400
71 16 391
71 121 105
71 101 293
71 157 544
71 129 347
71 520 202
71 346 41
71 341 455
71 85 208
71 243 270
71 194 135
71 576 114
71 0 52
72 324 155
72 82 322
72 391 31
72 288 56
72 141 555
72 365 117
72 343 345
72 201 68
72 209 27
72 123 365
72 97 566
72 183 379
72 143 203
72 153 526
72 399 530
72 363 370
72 281 440
72 500 225
72 41 160
72 362 509
72 223 544
72 529 492
72 52 233
72 295 311
72 81 84
72 107 141
72 173 512
72 467 378
72 447 76
72 449 454
72 212 394
72 195 286
72 179 121
72 394 380
72 115 186
72 188 440
72 10 175
72 372 232
73 478 423
73 524 167
73 96 5
73 205 537
73 538 430
73 244 277
73 71 320
73 245 552
73 97 561
73 239 496
73 5 9
73 63 182
73 14 133
73 540 283
73 440 302
73 125 447
73 134 247
73 189 237
73 133 215
73 156 311
73 565 384
73 307 397
73 145 207
73 147 24
73 86 540
73 38 499
74 503 360
74 236 407
74 214 157
74 188 301
74 370 384
74 200 41
74 508 509
74 216 175
74 64 570
74 323 336
74 292 209
74 471 104
74 243 22
74 207 288
74 69 155
74 139 39
74 146 100
74 107 101
74 156 183
74 567 251
74 401 78
74 412 474
74 469 285
74 520 266
74 337 267
74 150 442
74 573 353
74 27 555
74 18 217
74 304 192
74 289 2
74 96 220
74 142 91
74 322 458
74 466 53
75 278 505
75 400 342
75 56 446
75 113 496
75 43 539
75 220 468
75 503 433
75 339 191
75 124 348
75 91 220
75 109 204
75 411 59
75 268 43
75 209 232
75 76 199
75 537 291
75 203 314
75 316 318
75 350 102
75 346 452
75 60 323
75 211 573
76 218 545
76 454 217
76 577 46
76 277 30
76 194 72
76 37 234
76 460 520
76 174 385
76 208 441
76 261 535
76 370 459
76 75 199
76 195 71
76 130 158
76 120 271
76 320 185
76 199 384
76 268 446
76 68 314
76 9 205
76 223 155
77 23 144
77 54 432
77 269 464
77 10 95
77 224 384
77 267 6
77 221 330
77 367 78
77 282 28
77 200 365
77 106 197
77 85 19
77 202 502
77 453 379
77 565 566
77 279 332
77 120 511
77 426 555
77 255 253
77 27 534
77 148 221
77 100 357
77 222 0
78 7 175
78 192 274
78 355 564
78 112 231
78 427 541
78 495 322
78 13 244
78 313 579
78 268 405
78 358 366
78 361 174
78 141 352
78 270 226
78 0 15
78 9 180
78 287 136
78 195 38
78 445 309
78 210 375
78 21 412
78 34 501
78 16 207
78 212 132
78 239 493
78 304 265
79 509 85
79 150 47
79 126 218
79 128 106
79 166 152
79 285 409
79 62 399
79 580 307
79 292 543
79 519 89
79 229 118
79 246 546
79 241 468
79 406 395
79 146 63
79 258 471
79 153 487
79 159 394
79 59 228
79 37 394
79 18 274
79 180 156
79 39 54
79 270 91
79 125 166
79 124 376
79 216 52
79 7 278
80 229 168
80 169 262
80 416 541
80 534 534
80 152 419
80 290 577
80 118 38
80 354 170
80 196 92
80 249 167
80 420 188
80 240 390
80 7 215
80 119 409
80 174 507
80 536 432
80 59 481
80 453 502
80 113 57
80 230 349
80 12 476
80 199 386
80 519 57
81 203 465
81 492 510
81 284 316
81 156 37
81 431 251
81 66 523
81 404 132
81 9 314
81 544 551
81 568 509
81 99 124
81 273 295
81 519 16
81 252 198
81 114 579
81 479 11
81 115 579
81 347 367
81 204 456
81 414 163
81 193 452
81 198 308
81 240 375
81 145 362
81 72 84
81 400 453
81 522 250
81 318 272
81 352 353
81 372 94
81 277 263
81 1 295
81 265 46
81 141 54
81 136 50
82 209 449
82 72 322
82 165 57
82 187 528
82 432 335
82 303 551
82 60 377
82 167 461
82 241 71
82 265 63
82 518 107
82 278 330
82 151 116
82 144 205
82 92 467
82 131 170
82 446 55
82 299 108
82 454 117
82 7 8
82 123 326
82 213 456
82 177 287
82 547 180
82 351 117
82 19 68
83 288 178
83 94 129
83 6 50
83 310 269
83 283 102
83 348 472
83 84 72
83 394 172
83 66 267
83 264 85
83 240 326
83 345 384
83 64 155
83 163 528
83 507 224
83 122 322
83 429 375
83 105 292
83 459 185
83 468 303
83 349 201
83 469 288
83 479 26
83 230 66
84 183 206
84 560 320
84 130 333
84 510 215
84 163 318
84 153 201
84 470 471
84 196 23
84 245 567
84 43 418
84 83 72
84 432 42
84 239 532
84 143 523
84 272 252
84 280 471
84 16 253
84 517 320
84 62 217
84 348 446
84 194 437
84 70 156
84 347 128
84 179 65
84 92 40
84 58 417
84 191 325
84 290 27
84 334 116
84 286 400
84 187 554
85 89 318
85 190 162
85 392 56
85 56 336
85 201 371
85 212 251
85 16 331
85 164 184
85 479 174
85 161 494
85 189 57
85 140 204
85 499 277
85 150 467
85 261 571
85 270 159
85 167 201
85 94 49
85 71 208
85 197 532
85 33 180
85 350 395
85 171 134
85 77 19
85 55 116
85 208 459
85 386 353
85 21 332
85 175 440
85 246 168
85 539 360
85 540 115
85 303 311
85 320 168
85 135 259
85 234 492
85 295 62
85 352 212
85 111 197
85 63 88
86 207 370
86 566 360
86 92 95
86 372 471
86 550 551
86 281 534
86 139 224
86 571 9
86 297 110
86 107 265
86 271 165
86 214 577
86 246 443
86 129 13
86 523 376
86 311 38
86 73 540
86 201 355
86 46 478
86 415 332
86 185 578
86 262 167
86 260 14
87 498 14
87 263 346
87 542 462
87 63 477
87 435 56
87 281 349
87 157 457
87 481 432
87 3 68
87 448 299
87 406 478
87 15 459
87 184 218
87 17 247
87 520 233
87 90 156
87 120 443
87 219 133
87 168 74
87 291 12
87 225 79
87 343 524
88 469 467
88 97 130
88 61 57
88 181 436
88 430 206
88 209 371
88 135 21
88 94 232
88 454 58
88 384 433
88 254 127
88 152 392
88 20 514
88 577 322
88 472 6
88 58 179
88 359 531
88 191 16
88 199 571
88 52 146
88 380 117
88 445 325
88 264 25
88 65 314
89 85 318
89 113 180
89 108 314
89 164 535
89 45 20
89 56 533
89 485 124
89 58 8
89 555 429
89 106 123
89 206 331
89 268 246
89 300 8
89 52 385
89 126 433
89 220 367
89 70 431
89 171 220
89 172 469
89 15 487
89 230 79
89 115 84
89 91 410
89 499 416
89 553 495
89 325 27
89 473 526
89 337 259
89 556 582
90 537 575
90 352 114
90 265 155
90 177 190
90 536 135
90 409 8
90 210 477
90 391 574
90 40 182
90 197 399
90 400 90
90 263 282
90 50 33
90 264 282
90 127 153
90 115 97
90 328 133
90 44 496
90 162 444
90 192 290
90 134 354
90 5 317
90 36 123
90 87 156
90 42 240
90 135 19
90 189 427
90 301 531
91 196 280
91 458 426
91 203 50
91 188 230
91 170 64
91 239 282
91 30 579
91 139 413
91 397 77
91 75 220
91 520 441
91 56 440
91 362 29
91 138 61
91 114 36
91 433 386
91 213 557
91 89 410
91 275 103
91 220 332
91 365 132
92 214 142
92 155 266
92 514 471
92 86 95
92 427 71
92 54 241
92 182 250
92 268 572
92 228 477
92 263 103
92 183 334
92 333 373
92 315 280
92 82 467
92 173 163
92 84 40
92 4 60
92 168 368
92 229 196
92 126 439
92 95 111
92 27 423
92 504 51
92 102 441
92 257 1
92 204 554
92 69 353
92 184 388
92 46 459
93 10 496
93 34 90
93 1 364
93 163 213
93 279 549
93 444 311
93 446 360
93 448 55
93 149 219
93 470 566
93 114 322
93 485 350
93 122 422
93 206 188
93 177 97
93 409 306
93 178 313
93 106 27
93 24 494
93 20 484
94 131 36
94 568 328
94 462 375
94 394 523
94 563 239
94 430 306
94 83 129
94 154 436
94 322 41
94 296 99
94 88 232
94 425 542
94 67 229
94 369 168
94 221 187
94 85 49
94 277 331
94 223 405
94 57 411
94 107 582
94 0 164
94 94 98
94 117 343
94 224 357
94 46 49
94 543 117
94 211 124
94 479 438
94 202 294
95 104 387
95 474 497
95 240 147
95 360 394
95 534 249
95 543 197
95 47 313
95 464 340
95 129 566
95 270 430
95 9 139
95 231 125
95 535 101
95 143 510
95 101 320
95 245 105
95 182 239
95 283 32
95 561 335
95 290 222
95 177 302
95 306 81
95 92 111
95 423 233
95 154 301
95 443 74
96 568 288
96 492 334
96 68 333
96 517 552
96 73 5
96 242 430
96 35 504
96 256 385
96 137 233
96 213 106
96 384 493
96 127 482
96 24 378
96 419 115
96 17 112
96 128 483
96 193 276
96 125 192
96 74 220
96 47 210
96 40 378
96 582 140
96 237 362
96 499 498
96 178 521
97 88 130
97 305 172
97 192 247
97 555 538
97 43 558
97 280 334
97 72 566
97 201 70
97 353 346
97 73 561
97 152 501
97 230 36
97 289 467
97 175 520
97 34 189
97 255 200
97 221 64
97 300 481
97 227 53
97 414 570
97 487 437
97 341 63
97 6 81
97 1 256
97 396 369
97 29 494
97 104 467
98 61 90
98 571 103
98 241 36
98 383 417
98 176 18
98 265 384
98 534 505
98 359 75
98 38 75
98 313 206
98 53 273
98 484 403
98 433 547
98 207 537
98 144 39
98 219 348
98 185 90
98 50 360
98 550 183
98 275 156
98 134 385
98 128 111
98 106 446
98 179 456
98 356 360
98 244 520
99 462 330
99 352 404
99 575 131
99 359 53
99 406 306
99 201 100
99 246 95
99 476 146
99 554 395
99 31 412
99 229 205
99 231 508
99 107 403
99 513 189
99 81 124
99 443 570
99 280 311
99 438 523
99 184 458
99 480 74
99 132 92
99 440 296
99 124 454
99 17 99
99 345 356
99 506 569
99 425 397
100 186 254
100 108 5
100 270 226
100 463 489
100 437 578
100 264 87
100 428 168
100 26 16
100 539 565
100 523 195
100 53 240
100 341 478
100 403 62
100 505 235
100 129 476
100 217 157
100 54 428
100 246 487
100 65 538
100 447 397
100 248 513
100 119 43
100 271 264
100 356 96
100 43 257
100 154 273
100 77 357
100 451 429
100 162 473
100 333 564
100 180 127
101 359 88
101 513 284
101 127 390
101 58 282
101 392 583
101 248 495
101 236 2
101 217 289
101 120 161
101 111 520
101 216 116
101 20 10
101 328 582
101 71 293
101 220 271
101 198 288
101 271 135
101 95 320
101 182 246
101 342 163
101 304 278
101 52 441
101 103 109
101 212 395
101 142 410
101 231 277
101 280 354
101 155 457
101 335 373
101 156 39
102 347 73
102 390 476
102 427 121
102 115 378
102 129 207
102 260 314
102 253 265
102 20 108
102 200 571
102 406 122
102 216 121
102 155 12
102 23 139
102 236 261
102 571 489
102 153 559
102 257 365
102 232 117
102 414 465
102 197 46
102 349 52
102 122 546
102 168 201
102 46 281
102 405 81
102 45 91
102 348 100
102 190 112
102 306 567
102 189 234
102 478 33
102 172 267
102 209 378
102 92 441
102 259 563
103 203 339
103 467 568
103 215 152
103 11 291
103 304 96
103 249 451
103 244 278
103 446 364
103 506 392
103 221 230
103 12 50
103 22 232
103 449 335
103 309 405
103 113 232
103 347 95
103 499 581
103 176 1
103 202 345
103 147 423
103 475 138
103 386 198
103 101 109
103 109 238
103 188 481
103 342 436
104 214 348
104 95 387
104 335 509
104 110 31
104 506 54
104 118 244
104 249 360
104 51 57
104 119 23
104 55 124
104 462 495
104 61 374
104 337 299
104 26 536
104 137 300
104 376 572
104 232 361
104 207 44
104 107 67
104 124 29
104 97 467
105 365 102
105 8 99
105 173 14
105 257 517
105 203 472
105 52 392
105 166 521
105 519 459
105 409 247
105 180 539
105 401 527
105 139 79
105 83 292
105 31 537
105 449 155
105 310 27
105 36 173
105 543 560
105 494 9
105 400 124
105 229 115
105 261 82
105 195 301
105 367 159
105 186 9
106 195 213
106 225 581
106 425 440
106 370 113
106 3 125
106 277 30
106 546 575
106 165 136
106 480 268
106 151 328
106 172 356
106 89 123
106 35 57
106 29 176
106 107 311
106 138 68
106 478 464
106 111 34
106 145 331
106 270 138
106 77 197
106 578 262
106 8 94
106 296 131
106 198 568
106 417 134
106 194 106
106 98 446
106 428 290
106 13 245
106 93 27
106 70 28
107 23 351
107 99 403
107 378 169
107 107 420
107 234 317
107 368 288
107 318 55
107 174 219
107 471 354
107 274 365
107 55 54
107 86 265
107 74 101
107 106 311
107 498 91
107 569 223
107 341 80
107 72 141
107 115 8
107 94 582
107 68 139
107 257 434
107 150 146
107 70 381
107 442 452
107 195 44
107 202 370
107 403 91
107 565 257
107 104 67
107 231 514
108 149 578
108 463 187
108 89 314
108 100 5
108 222 321
108 1 427
108 19 62
108 500 108
108 201 461
108 113 2
108 21 427
108 421 477
108 271 533
108 373 249
108 544 393
108 564 234
108 15 579
108 526 389
108 110 16
108 266 258
108 419 97
108 248 21
108 217 520
108 112 529
108 490 272
108 446 277
108 259 146
108 306 55
108 539 15
108 172 207
108 511 571
108 316 246
108 186 88
108 531 519
109 374 364
109 284 429
109 268 314
109 178 87
109 197 424
109 152 143
109 29 572
109 16 483
109 128 448
109 389 183
109 453 244
109 64 90
109 286 272
109 75 204
109 124 30
109 271 254
109 171 519
109 454 352
109 61 538
109 437 406
109 244 377
109 265 136
109 233 450
109 164 139
109 208 425
109 67 19
109 103 238
109 68 401
109 378 181
110 506 558
110 151 139
110 66 497
110 543 497
110 104 31
110 475 427
110 554 261
110 507 489
110 229 74
110 225 200
110 147 458
110 108 16
110 521 391
110 12 52
110 323 475
110 265 570
110 447 139
110 416 151
110 17 233
110 432 219
110 178 288
110 168 498
110 195 369
110 280 461
110 396 303
110 496 67
111 240 430
111 584 288
111 227 253
111 4 165
111 305 518
111 303 362
111 550 228
111 285 577
111 101 520
111 209 41
111 446 74
111 55 237
111 482 108
111 271 379
111 106 34
111 19 111
111 274 291
111 58 184
111 154 350
111 28 313
111 62 361
111 85 197
111 261 539
111 581 282
111 554 90
112 246 563
112 6 158
112 192 266
112 406 340
112 78 231
112 166 60
112 214 563
112 179 56
112 113 555
112 19 8
112 252 133
112 193 127
112 150 120
112 349 26
112 455 500
112 145 89
112 308 88
112 388 256
112 139 408
112 108 529
112 226 240
112 117 315
112 29 334
112 250 263
112 9 283
112 37 574
112 574 373
113 89 180
113 405 151
113 75 496
113 488 332
113 460 114
113 52 210
113 108 2
113 51 563
113 190 159
113 502 280
113 103 232
113 282 87
113 223 487
113 324 536
113 181 193
113 112 555
113 172 504
113 468 82
113 13 583
113 330 473
113 154 428
113 581 491
113 217 39
113 60 227
113 67 565
113 32 325
113 80 57
113 158 255
113 471 148
113 473 320
113 182 203
114 258 319
114 244 284
114 199 397
114 265 544
114 140 180
114 253 251
114 3 253
114 409 433
114 464 355
114 19 537
114 81 579
114 479 86
114 488 371
114 223 351
114 452 281
114 506 582
114 32 64
114 53 344
114 182 91
114 213 434
114 93 322
114 441 15
114 167 515
114 38 494
114 491 469
114 91 36
114 116 185
114 239 501
114 196 405
114 467 94
114 179 228
114 18 104
114 357 569
114 377 298
114 561 147
114 133 451
114 470 304
115 235 408
115 55 241
115 63 106
115 492 293
115 102 378
115 154 519
115 547 85
115 21 533
115 161 544
115 81 579
115 499 55
115 182 506
115 261 535
115 90 97
115 458 244
115 30 452
115 356 568
115 107 8
115 369 142
115 344 237
115 29 488
115 399 293
115 280 19
115 25 148
115 137 40
115 89 84
115 189 81
115 3 268
115 72 186
115 251 346
115 459 490
115 376 176
116 262 40
116 559 284
116 66 184
116 162 105
116 23 567
116 55 470
116 244 450
116 463 580
116 554 43
116 144 430
116 138 94
116 222 94
116 274 402
116 214 502
116 534 150
116 203 37
116 556 242
116 114 185
116 126 48
116 135 476
116 412 472
116 414 332
116 215 73
116 345 545
116 482 101
116 223 495
116 208 75
117 169 68
117 34 41
117 274 484
117 226 554
117 15 66
117 532 56
117 323 116
117 289 115
117 194 15
117 298 464
117 321 541
117 137 300
117 49 573
117 156 135
117 189 91
117 53 12
117 583 385
117 512 579
117 112 315
117 577 151
117 94 343
117 158 83
117 257 548
117 435 441
117 284 475
117 241 30
117 418 531
118 275 388
118 190 447
118 501 241
118 208 551
118 566 125
118 430 58
118 473 422
118 123 209
118 438 149
118 407 415
118 486 290
118 60 348
118 191 62
118 469 140
118 11 394
118 181 214
118 104 244
118 59 241
118 8 516
118 124 233
118 257 411
118 229 409
118 80 38
118 12 40
118 352 516
118 263 272
118 259 174
118 356 192
118 131 386
118 198 561
118 228 363
118 484 61
118 5 312
118 314 200
118 363 136
118 148 38
118 53 272
119 235 539
119 253 89
119 148 85
119 284 14
119 256 542
119 230 169
119 47 238
119 280 542
119 535 377
119 39 98
119 270 119
119 104 23
119 567 528
119 30 239
119 50 444
119 418 116
119 188 258
119 41 9
119 258 504
119 226 549
119 276 376
119 80 409
119 307 288
119 360 436
119 100 43
119 123 577
119 7 112
119 265 280
119 579 494
119 44 66
119 140 21
119 150 193
119 214 580
119 391 428
119 32 574
120 70 389
120 259 391
120 498 328
120 101 161
120 41 540
120 256 441
120 170 248
120 339 539
120 23 352
120 574 224
120 216 520
120 239 267
120 460 57
120 200 430
120 51 574
120 255 265
120 286 250
120 474 226
120 225 129
120 528 537
120 76 271
120 227 273
120 275 186
120 77 511
120 231 289
120 87 443
120 432 551
120 7 398
120 52 270
120 406 75
120 15 75
120 136 478
121 409 328
121 378 554
121 177 354
121 563 182
121 332 253
121 446 447
121 124 236
121 463 401
121 71 105
121 53 476
121 514 243
121 276 215
121 158 150
121 28 558
121 267 454
121 35 433
121 40 253
121 172 411
121 266 25
121 58 198
121 34 57
121 355 118
121 576 18
122 366 114
122 531 17
122 252 459
122 226 399
122 32 213
122 321 466
122 430 178
122 203 229
122 157 517
122 244 46
122 195 67
122 444 500
122 320 366
122 451 216
122 93 422
122 128 370
122 132 243
122 102 546
122 271 193
122 83 322
122 335 399
122 219 252
122 187 122
122 202 139
122 209 177
122 363 477
122 310 68
122 185 60
122 184 277
122 256 168
122 543 551
122 28 24
123 131 268
123 277 65
123 416 119
123 118 209
123 341 389
123 72 365
123 264 473
123 174 260
123 411 439
123 135 388
123 296 33
123 473 311
123 460 197
123 27 130
123 569 179
123 187 434
123 19 534
123 126 566
123 119 577
123 63 95
123 44 75
123 58 147
123 82 326
123 144 491
123 494 262
123 248 46
123 386 528
123 215 444
124 200 29
124 195 217
124 238 27
124 400 277
124 67 201
124 50 384
124 332 388
124 134 452
124 121 236
124 163 260
124 387 257
124 62 346
124 75 348
124 118 233
124 1 393
124 319 379
124 500 428
124 109 30
124 258 387
124 301 95
124 227 492
124 404 455
124 565 332
124 377 33
124 15 540
124 224 263
124 298 327
124 247 390
124 48 61
124 99 454
124 262 552
124 536 92
124 347 228
124 191 535
124 104 29
124 79 376
124 498 396
125 505 36
125 409 418
125 312 153
125 463 320
125 51 521
125 288 385
125 229 493
125 472 552
125 258 150
125 432 30
125 18 250
125 343 573
125 66 257
125 254 382
125 506 65
125 236 535
125 516 320
125 536 148
125 232 277
125 315 76
125 344 552
125 73 447
125 285 349
125 43 355
125 17 95
125 490 393
125 70 18
125 211 171
125 348 306
125 226 173
125 365 206
125 79 166
125 96 192
125 475 11
125 15 131
125 218 343
125 225 230
126 79 218
126 262 420
126 55 238
126 253 487
126 247 330
126 533 141
126 367 132
126 360 36
126 89 433
126 445 525
126 62 148
126 419 89
126 548 433
126 123 566
126 188 435
126 116 48
126 489 157
126 358 333
126 361 113
126 53 104
126 36 538
126 92 439
126 158 265
126 484 168
126 540 533
127 101 390
127 264 222
127 276 416
127 434 24
127 70 116
127 212 512
127 319 196
127 210 351
127 90 153
127 9 146
127 17 8
127 6 513
127 350 313
127 96 482
127 462 357
127 405 8
127 136 342
127 20 420
127 578 544
127 46 24
127 43 47
127 247 263
127 388 415
128 327 317
128 277 321
128 79 106
128 187 57
128 239 19
128 196 386
128 252 196
128 500 477
128 15 118
128 137 7
128 295 407
128 518 215
128 42 364
128 291 340
128 269 116
128 208 399
128 223 3
128 182 548
128 52 138
128 5 361
128 109 448
128 573 299
128 157 369
128 8 311
128 26 442
128 373 138
128 482 9
128 383 290
128 122 370
128 312 264
128 242 415
128 415 79
128 498 160
128 47 382
128 7 85
128 456 357
128 147 4
128 453 191
128 301 384
128 96 483
128 424 204
128 98 111
128 276 50
128 575 176
129 275 256
129 18 284
129 145 82
129 102 207
129 469 208
129 134 238
129 342 221
129 139 224
129 463 272
129 189 291
129 457 395
129 554 566
129 95 566
129 280 226
129 226 421
129 294 559
129 100 476
129 71 347
129 186 307
129 477 214
129 555 145
129 370 301
129 86 13
129 308 357
129 160 287
129 56 102
129 563 265
129 63 119
129 483 310
129 64 434
129 544 86
130 146 515
130 84 333
130 302 296
130 143 447
130 221 502
130 38 125
130 504 211
130 442 291
130 44 455
130 4 334
130 280 130
130 364 477
130 324 27
130 361 325
130 231 571
130 24 398
130 76 158
130 53 318
130 282 475
130 383 438
130 321 506
130 461 280
